5010724527481
5010724529836
5010724527375
5010724528938
5010724530467
5010724532249
5010724527467
7319861021028
7319861017854
7319861020151
7319861001464
7319861016857
7319861016888
7319861016260
7319861016147
7319861016253
7319861022810
7319861022773
7319861022797
7319861022803
7319861025194
7319861022827
7319861022780
7319861020380
7319861020175
7319861020366
7319861016840
7319861019698
7319860372909
7319860679237
7319860679329
7319861009880
7319861013689
7319861014112
7319861020397
7319861010268
7319861019797
7319861009897
7319861020359
7319861022643
8710464114312
8710464115111
7319860679145
7319860679053
7290005809194